Resultat Instance tsp_rand_60_100

Rentrer le Chemin de l'instance : instances\Symetriques\tsp_rand_60_100.txt
 Rentrer 1 ou 2 Choisir un type d'instance :
 1-Symetrique
 2-Asymetrique
1
Nombre de Villes à Parcourir :  60
4 Execution Finished
3 Execution Finished
2 Execution Finished
7 Execution Finished
5 Execution Finished
1 Execution Finished
6 Execution Finished
0 Execution Finished
8 Execution Finished
9 Execution Finished
---------------Descente Swap Best--------------
[2022, 1976, 2053, 1908, 2077, 1999, 1967, 1925, 2022, 1916]
---------------Descente Swap First--------------
[([45, 5, 33, 41, 34, 44, 49, 48, 25, 35, 17, 27, 23, 46, 47, 28, 7, 3, 18, 36, 56, 54, 26, 30, 51, 11, 37, 8, 13, 0, 2, 58, 19, 43, 21, 16, 55, 14, 4, 20, 12, 10, 53, 50, 24, 22, 1, 38, 29, 9, 52, 32, 59, 39, 6, 57, 31, 42, 40, 15], 2131), ([24, 50, 44, 12, 32, 31, 45, 36, 16, 41, 59, 9, 42, 8, 13, 1, 0, 5, 33, 30, 2, 28, 40, 27, 17, 38, 55, 48, 43, 37, 52, 54, 7, 23, 19, 49, 29, 57, 18, 34, 15, 58, 53, 4, 14, 56, 47, 46, 10, 20, 11, 21, 51, 22, 3, 6, 39, 26, 35, 25], 2029), ([40, 41, 31, 45, 58, 8, 22, 1, 2, 30, 51, 38, 50, 3, 4, 0, 49, 13, 23, 19, 43, 21, 52, 46, 54, 55, 37, 25, 28, 32, 59, 57, 18, 36, 26, 34, 16, 39, 12, 10, 20, 9, 44, 35, 17, 27, 29, 42, 33, 15, 47, 5, 6, 53, 11, 48, 14, 56, 24, 7], 2143), ([41, 53, 58, 19, 9, 59, 32, 21, 18, 25, 35, 47, 4, 40, 37, 55, 31, 27, 45, 5, 51, 30, 23, 16, 39, 6, 57, 2, 48, 56, 0, 11, 1, 36, 22, 52, 13, 44, 12, 3, 14, 17, 49, 34, 15, 33, 42, 54, 26, 24, 7, 20, 10, 46, 50, 38, 29, 28, 43, 8], 2167), ([41, 15, 45, 58, 2, 0, 11, 20, 9, 59, 25, 1, 49, 57, 18, 37, 8, 13, 35, 10, 19, 39, 6, 38, 4, 53, 3, 56, 44, 29, 23, 36, 32, 14, 33, 31, 52, 34, 5, 47, 7, 28, 21, 43, 40, 27, 12, 22, 48, 55, 26, 24, 42, 51, 30, 17, 54, 46, 50, 16], 1983), ([16, 9, 20, 40, 41, 11, 29, 23, 19, 44, 33, 14, 3, 18, 36, 35, 55, 37, 47, 46, 50, 30, 24, 42, 4, 13, 48, 22, 32, 12, 2, 38, 6, 56, 31, 5, 51, 0, 1, 49, 21, 28, 39, 59, 52, 10, 34, 26, 17, 27, 25, 54, 7, 58, 8, 43, 57, 53, 45, 15], 2345), ([9, 19, 40, 7, 17, 36, 31, 55, 14, 45, 5, 33, 42, 10, 52, 54, 28, 2, 49, 58, 32, 21, 18, 41, 38, 6, 39, 43, 13, 8, 26, 30, 29, 20, 50, 46, 47, 57, 35, 44, 37, 12, 27, 25, 23, 34, 15, 16, 3, 56, 48, 1, 11, 51, 22, 24, 0, 4, 53, 59], 2172), ([21, 39, 59, 32, 10, 27, 25, 23, 18, 42, 33, 6, 54, 7, 3, 20, 40, 57, 15, 45, 50, 24, 30, 51, 5, 46, 47, 28, 41, 16, 29, 2, 1, 34, 26, 8, 48, 55, 19, 9, 0, 11, 4, 14, 38, 52, 31, 36, 56, 44, 13, 53, 58, 49, 35, 17, 22, 12, 37, 43], 2121), ([23, 54, 4, 36, 45, 58, 53, 34, 29, 49, 0, 1, 33, 30, 51, 9, 27, 12, 46, 13, 8, 41, 15, 40, 28, 2, 57, 35, 32, 6, 56, 31, 10, 19, 47, 37, 43, 48, 11, 18, 59, 5, 20, 52, 21, 44, 55, 26, 24, 42, 22, 17, 39, 14, 25, 50, 38, 16, 3, 7], 2154), ([28, 47, 46, 13, 25, 23, 7, 22, 48, 14, 36, 35, 54, 55, 38, 29, 30, 45, 58, 44, 56, 6, 50, 24, 39, 4, 9, 20, 3, 52, 32, 15, 57, 59, 12, 37, 43, 21, 18, 40, 49, 5, 51, 11, 1, 17, 27, 8, 42, 33, 31, 10, 19, 26, 34, 53, 41, 16, 0, 2], 2026)]
---------------Descente Swap Worst--------------
[1998, 2019, 2011, 2034, 1948, 1896, 1930, 1975, 1974, 2031]
---------------Descente 2-Opt Best--------------
[1634, 1754, 1640, 1717, 1605, 1658, 1650, 1726, 1728, 1671]
---------------Descente 2-Opt First--------------
[1824, 1786, 1716, 1850, 1631, 1697, 1772, 1703, 1644, 1628]
---------------Descente 2-opt Worst--------------
[1846, 1777, 1913, 1883, 1678, 1979, 1814, 1808, 1920, 1628]
---------------Recherche Local Iterée Swap Best 5 Perturbations--------------
[2022, 1967, 1908, 2053, 2077, 1976, 1999, 1925, 2022, 1916]
---------------Recherche Local Iterée  2-opt Best 5 Perturbations--------------
[1634, 1754, 1717, 1640, 1605, 1658, 1726, 1650, 1728, 1671]


---------------Recherche Local Iterée Swap First 5 Perturbations--------------
[2029, 2345, 2167, 2143, 1983, 2172, 2131, 2121, 2154, 2026]
---------------Recherche Local Iterée First 2-opt First 5 Perturbations--------------
[1634, 1717, 1754, 1640, 1605, 1658, 1726, 1650, 1728, 1671]


---------------Recherche Local Iterée Swap Worst 5 Perturbations--------------
[2029, 2345, 2167, 2143, 1970, 2172, 2121, 2131, 2154, 2026]
---------------Recherche Local Iterée 2-opt Worst  5 Perturbations--------------
[1846, 1777, 1913, 1883, 1678, 1814, 1979, 1808, 1920, 1628]


---------------Recherche Local Iterée Swap Best 7 Perturbations--------------
[2022, 1967, 2053, 1908, 2077, 1976, 1925, 1999, 2022, 1916]
---------------Recherche Local Iterée  2-opt Best 7 Perturbations--------------
[1634, 1754, 1717, 1605, 1640, 1658, 1726, 1650, 1728, 1671]


---------------Recherche Local Iterée Swap First 7 Perturbations--------------
[2345, 2029, 2167, 1983, 2143, 2172, 2131, 2121, 2154, 2026]
---------------Recherche Local Iterée First 2-opt First 7 Perturbations--------------
[1786, 1850, 1824, 1716, 1631, 1697, 1703, 1772, 1644, 1628]


---------------Recherche Local Iterée Swap Worst 7 Perturbations--------------      
[2029, 2345, 2167, 2143, 1983, 2172, 2121, 2131, 2154, 2026]
---------------Recherche Local Iterée 2-opt Worst  7 Perturbations--------------    
[1777, 1846, 1913, 1883, 1678, 1979, 1808, 1814, 1920, 1628]


--------------------Sampled Walk 5 Swap------------------------
[2021, 2010, 2034, 2050, 2041, 2026, 2021, 1994, 2130, 1967]
--------------------Sampled Walk 5 2-opt------------------------
[1781, 1824, 1805, 1789, 1801, 1760, 1776, 1842, 1804, 1801]


--------------------Sampled Walk 7 Swap------------------------
[2082, 1980, 2028, 2042, 2010, 2015, 1979, 2034, 1950, 2056]
--------------------Sampled Walk 7 2-opt------------------------
[1725, 1769, 1731, 1764, 1797, 1807, 1787, 1806, 1796, 1777]